DB Temp,SatHumidityRatio
0,5.51
1,5.815
2,6.12
3,6.45
4,6.78
5,7.15
6,7.52
7,7.92
8,8.32
9,8.765
10,9.21
11,9.695
12,10.18
13,10.71
14,11.24
15,11.82
16,12.4
17,13.035
18,13.67
19,14.365
20,15.06
21,15.82
22,16.58
23,17.41
24,18.24
25,19.15
26,20.06
27,21.045
28,22.03
29,23.105
30,24.18
31,25.35
32,26.52
33,27.61
34,28.75
35,29.93
36,31.15
37,32.42
38,33.73
39,35.08
40,36.49
41,37.95
42,39.47
43,41.02
44,42.64
45,44.31
46,46.06
47,47.88
48,49.7
49,51.59
50,53.62
51,55.65
52,57.82
53,59.99
54,62.23
55,64.61
56,67.06
57,69.51
58,72.1
59,74.83
60,77.56
61,80.43
62,83.37
63,86.45
64,89.6
65,92.82
66,96.18
67,99.68
68,103.3
69,107
70,110.7
71,114.7
72,118.8
73,123
74,127.3
75,131.7
76,136.4
77,141.1
78,146
79,151.1
80,156.3
81,161.7
82,167.2
83,173
84,178.9
85,184.9
86,191.2
87,197.7
88,204.3
89,211.2
90,218.3
91,225.6
92,233.1
93,240.9
94,248.9
95,257.1
96,265.7
97,274.4
98,283.4
99,292.7
100,302.3
101,312.2
102,322.4
103,332.9
104,343.8
105,355
106,366
107,378
108,391
109,403
110,416
111,430
112,443
113,458
114,473
115,487
116,503
117,519
118,536
119,553
120,570
